-19860
-104
-489
5
638
-514
-390
6598
-6283
888
-996
395
-130
5965
-2639
2853
-192
154
5842
-12073
-259
647
129
-238
876
615
-1069
586
-938
4209
1640
1708
-3099
-2424
959
-3494
-10
1474
-1539
-51
-101
499
-158
-329
1638
865
-1659
4141
217
2314
-3936
-1188
-315
-1246
713
951
-2361
9462
-7712
-1768
-85
436
-101
928
4728
1286
-4363
4652
-7484
9
-102
888
-593
1819
-1638
-387
-95
3399
-3092
1606
3797
3807
-6766
-2631
6225
-6007
-268
1000
-933
607
-742
353
-56
-274
335
-67
-279
5299
-353
3030
-2572
-3573
-287
-704
423
1924
-3131
6640
-6583
2183
-1423
-217
-340
209
5687
-45
102
-4915
-590
-210
-194
291
-321
-288
2104
-1898
-228
5767
-5687
14
4604
6868
-6155
-2123
2023
-4202
-299
-150
-114
-407
-201
2045
-1647
-370
397
-280
2902
2131
3000
-5166
-2730
168
-148
-296
2127
-1736
-196
5939
-5814
-199
-136
301
33
1723
5601
-3618
-3933
7510
-7490
-6
-125
355
-219
-125
1601
-1461
-125
5562
-5407
-24
3147
758
3889
-1176
-579
-4928
-411
93
-668
-28
-245
336
-205
-137
2134
-1980
565
8326
1509
-4816
-2208
-2413
-534
3139
-1614
-1661
-231
5933
-4994
3297
-2981
-1044
436
-798
4238
738
459
-2215
712
-3210
-595
758
-390
-493
2816
-2211
-229
-80
13
-223
4127
1404
-1623
-3617
79
-148
-364
412
-274
-29
-84
282
-185
-118
2198
-1822
6158
-1342
2822
-5299
-2425
151
-278
-154
4476
-3732
-702
1011
908
-1837
110
218
-339
-94
13779
-8488
989
-2611
-2395
521
-1435
42
-190
2150
-2017
2730
-2786
8566
-8770
28
2938
4056
-892
7845
-13155
1128
-2029
788
-442
-260
-130
249
-110
-126
364
2522
-2618
4406
-35
1936
-2048
-3177
-26
-690
60
-457
-213
358
-249
-18
-112
1302
-1173
254
4889
1233
-3350
6970
-10004
-27
-97
547
198
-749
3568
-668
-2837
909
-686
310
2809
4239
-2621
-4861
231
1672
-2040
1165
-1069
3
-117
409
-291
-136
416
3559
-2785
3405
3289
-864
-3855
-1521
-920
-420
2592
-2365
-212
9261
-7648
-1789
-104
420
-320
16390
-5832
-2967
-422
2714
-9547
-312
-122
348
-238
-138
532
-414
-120
5968
-5846
26
297
3278
272
-182
60
-1887
-839
481
-763
-189
-282
1792
-2003
25
10614
-10478
-281
5520
-1571
-208
-3060
298
-480
-172
2414
-2537
-266
846
-692
-43
-103
1313
-971
-75
3249
2214
-1612
-1115
-2610
-78
-320
302
-187
-129
319
1821
-1899
3768
-3884
1774
-1609
6207
-226
1419
-6440
2735
-2924
-239
-455
3468
-3832
331
1642
-1947
483
-139
1417
5086
364
-2239
-2347
-38
-2315
-2
1778
2360
-2173
7827
-5962
-1694
-2015
562
-405
-532
4222
-3130
8592
-5576
-119
-945
-1470
-542
-245
2881
-1970
-1320
1627
8137
-10042
437
-471
5722
-2087
-808
-2007
-360
1998
-1424
-984
1753
-1877
340
-246
-125
409
-284
1790
2052
3800
-4037
-1752
-1560
-272
-130
319
2720
9763
-11380
-1248
-76
-116
359
1861
8091
-6157
2279
-1282
-2041
-2053
1153
-1478
-108
-1
-518
706
-82
-675
8026
-7954
2515
-25
8175
-3699
-511
-3974
-1968
2321
-2487
-311
1768
-1892
459
-173
-306
378
-256
1768
1789
585
448
-668
-2152
-269
-888
426
-364
1999
-1892
-314
-445
-153
598
-258
-319
5206
3686
-5715
4902
-7786
-175
-142
336
-198
-144
380
3370
-951
4742
-7206
-212
-90
7039
-2426
-4536
347
-305
1948
3639
-5614
25
-157
371
-231
-131
233
-108
2615
257
3775
-1039
1308
-3232
-2609
-393
274
-756
-239
8065
-7815
-186
-155
508
781
-1010
7637
2875
1355
-9236
-2057
-43
-315
38
-402
-100
318
0
4067
-1602
-2616
169
-291
4770
1929
952
-4263
-2238
227
-6
-1140
-102
-104
384
-324
-132
446
-337
-90
3997
1505
1285
-6037
-195
-461
-138
330
-204
1704
404
378
38838
-31093
-9500
-700
1968
3576
1885
-3321
4639
-8733
-65
-105
284
-175
-105
1750
-1597
7510
-3517
-4031
-8
-74
4490
-365
3887
-4418
-1910
-267
115
-1042
-319
-119
483
-426
-141
323
-198
-92
3523
3507
-1093
-1140
-4194
-462
-169
323
-6
1481
6645
-5750
381
-2933
237
211
-562
5165
-72
3495
-4659
3807
-2155
-4131
1289
-1747
-409
91
-406
148
8658
-8816
-185
1124
2736
2584
-3488
-2417
-524
-110
2268
-2114
158
-278
286
-216
-113
408
-111
162
-23
8391
-4146
-4196
198
-547
-103
213
-126
1687
5899
-7591
-1
-99
360
-51
-275
5089
396
2065
-2100
-3845
-1009
-313
284
-385
45
137
440
-148
8788
-9363
-20
762
10473
-3875
-1520
-4149
-1433
-336
9751
-7872
-1583
-89
465
-270
-436
341
-221
6982
-6590
3346
3550
-3162
-2418
-1142
237
-406
-102
6217
-4649
-1821
1751
-1867
422
-345
1625
3984
-516
-194
3380
-8053
-221
-124
764
-646
-107
378
-267
320
2505
-2826
-12
5309
632
-411
-1816
-3356
-353
2680
-1785
-844
-62
-99
334
-231
-109
286
-178
1650
592
2581
762
1487
-5256
-1095
-431
82
-21
3325
4172
-7785
-44
-106
522
-437
116
18769
1064
-14987
-1753
-2879
-262
-145
338
-242
364
1234
-1597
2760
-14
-2554
-181
292
6337
-713
261
-3878
-1588
-447
819
-557
-341
-270
301
258
-599
391
-252
2324
519
2977
614
-4221
-1977
-235
-169
470
-327
-82
5873
-5790
-22
-85
347
-253
128
4577
27594
-28492
-247
1037
567
-3853
-45
1761
-2375
880
-486
2110
-319
-2340
159
-9
5109
1226
-1371
-1163
-227
-2719
1411
665
-2457
-311
152
154
-581
185
-48
1642
4245
-230
122
7933
765215
-773290
982
-3100
1032
841
5850
-3278
-1795
-1184
232
511
-591
-390
1668
180
-1620
695
413
-353
-382
-177
-238
-285
210
-1150
34296
-36047
-1629
1903
4357
-1273
1188
-3353
1494
-2474
192
1711
-1908
78
-102
446
11480
-11644
-608
1231
-680
11475
