-14356
-42
37
8
1267
-253
-1044
-492
935
357
-400
635
1937
-2841
-560
-65
2
-72
3687
59869
-61584
-1506
-268
5
-94
-34
-5
-11
1
1
4
-99
752
-596
183
-300
11714
-11610
-34
4228
-3508
-124
3157
-2747
2749
-1298
4712
-3855
708
-3806
134
-219
-98
-42
140
-234
2476
-1949
554
-935
-52
-27
-32
-3
-1
3
-4
0
1
1
4
-104
374
-271
-14
9
0
1
3
-4
5
33
-40
21
-126
340
5
-229
8
-5
-4
0
-10
1
4
-100
23151
-22053
2427
-3178
-236
13
-27
1866
-1835
-25
205
-208
3530
1860
-2807
-54
241
-377
48
9
-1070
-948
-19
9
1
-9
4
-11
-92
565
120
-576
4
13
-14
-6
17
-4
-2
4
-145
37314
-35768
-1365
-256
-37
-136
-38
10
-9
39
-43
2174
-1917
-25
-333
242
-143
-5
10
1
-10
9
-6
-5
6
-7
15
-118
261
-143
4
-8
-2
31
-18
319
-174
-165
4628
-1427
-2592
1992
161
1296
-2149
-420
-454
791
4062
-3138
-1747
-269
60
638
-564
1058
-801
-383
16
-84
32
338
-410
147
-75
71
-143
-81
619
-527
21
100
-65
-209
-53
-1
-7
4
-6
0
-127
2823
-407
-2491
210
-221
-104
-63
-36
-3
6
4
3
-12
-89
369
-85
-201
-4
4
45
-53
2460
-632
15011
-11416
3204
-213
846
-1798
-5679
-808
4707
2598
649
-6731
-1929
-37
-39
-145
-114
8246
-5368
-2766
141
-169
0
1
-1
-3
-4
0
10
1803
-1898
437
-180
-173
6
-2
-4
-3
3
12
-17
3
1
-96
304
-209
1
-5
9
-2
1
4
4753
-4767
-4
23
-112
2538
3445
-490
-5128
153
1768
-1717
-419
1842
-1683
4305
91
-3679
-531
2936
-24
-246
-1049
-715
-233
834
4536
-4483
-1018
-66
9
78
900
-668
-425
594
-742
62
-36
100
-79
14
-26
58
1367
-978
-788
2279
-2338
29
-216
-33
-25
-9
-4
16
-14
-3
-85
350
-205
-41
-11
457
-431
-22
1
-1
0
-9
4
-93
291
-185
-11
1
3
2932
-2947
9
3030
-2726
5048
-1241
-3585
3527
-1651
92996
-90089
1683
-4199
-2560
186
-205
-175
-44
9
3972
-3548
7
-393
-10
-32
-3
7
5
0
-7
6
1
-9
-97
383
-256
428
-431
-24
3
-9
12
0
-6
-4
0
-53
39498
-38515
-921
-3
6
-15
6
-4
11
-10
2
15
-9
-96
381
-271
-15
-5
7
1821
-1793
2787
-1220
-876
4161
460
-1489
-746
1306
10512
-9983
-1417
8335
-10882
-949
-27
-4
43
107400
-106769
201
2573
-2962
2824
-689
-2181
-1
-7
-1
-6
38
74
24
302
447
-512
-313
351
43
-390
119
-169
-1
44
-46
-9
634
-358
-262
-9
-2
-3
165
-160
118
-119
0
-7
12
-137
450
3240
16494
-17729
-1902
-296
-34
-53
138
-168
-4
3972
602
-749
173
-110
285
-1175
1189
7
-834
-3097
-244
231
390
4583
-2946
-1332
-214
-183
-98
-44
-60
1
781
3786
-1045
-490
404
-384
86
-340
145671
-143674
-1717
-452
2659
-3430
-1693
-118
-201
32
-178
1545
-1145
316
-492
-251
-3
-22
4
-4
-8
35
133
-163
472
-101
-344
974
-930
185
-182
-76
65
3141
-2662
1368
3662
249608
-243614
-2892
29915
-34149
1010
-310
76
-2040
662
865
-141
-56
-155
-101
-1468
-2469
-75
3191
-1045
69
-484
137
-1325
-784
268
-241
64
345
-366
-13
2316
-1987
-391
752
-415
223
-487
-57
550
173
-211
-446
-201
3967
-3815
-19
-6
-9
7
-5
-8
18
-6
-66
443
-366
-3
-6
70
51
-66
-56
2722
-2692
4932
-356
-494
-170
461
-235
708
-539
-1242
644
108
685
2270
-3123
-1666
3988
-2510
7
-117
8681
-6964
185
-1
-4617
-139
-302
317
-203
31
146
320
-427
-231
74
283
16
170
-554
-69
146
12
-64
-169
548
-268
-82
-220
220
-9
757
-640
-245
-79
66
84
-31
328
3102
168
-1353
499
-2478
-88
-293
237
510
-285
4419
-1479
-1935
1615
-1296
-1300
2862
878
2020
1757
-4769
-159
-504
-146
6
-507
-1484
-422
2904
-455
2361
-4436
-395
-2
2596
524
-780
72
-2398
352
-300
-54
2169
103025
-103670
-1528
-5
0
-2
1
51
2
-129
554
-481
70
-18
1
3522
-933
-340
-1982
-276
-43
11
-33
596
-572
-4
1
4
61
2222
-1774
2356
-1139
1196
2329
-1133
-255
1459
-1205
-109
4157
-3628
-426
-750
-2874
-690
-15
-96
-19
440
-61
-463
-6
-15
-7
20
-10
-8
6
2
4
6
-117
473
-140
-224
-7
18
-4
0
0
-3
3
-11
10
-78
974
-767
43144
-42126
-1148
-11
4
2
5
-9
0
8
-7
-39
384
-332
1871
-1606
-40
235
-428
-41
111
-114
5337
-1893
-2739
183
1826
1650
527
-1431
203
885
766
-551
-1512
-2554
4
233
666
-846
-73
40994
-39159
-2149
-184
81
-57
127
-221
-37
-8
-1
417
-417
-10
49
-45
7
-8
-58
0
-9
13
-3
-101
435
143
1288
-1746
222
-228
-9
-11
7
8
-9
-2
-69
8626
-8543
-13
-88
2189
-2076
15
-37
-8
673
-338
4368
1526
-500
723
-1403
1094
-1999
1357
-2159
3228
-2581
-3217
-507
-65
9
36
79
-100
-206
-8
-2
29
-29
9
2592
-1872
903
2605
-2055
1168
-11
-1243
1709
1420
72
-1377
-2204
-1112
-61
-44
-66
16
-38
1334
-1269
-19
-12
-18
4
-4
-1
5
1
-5
1
-133
8223
-8484
-30
1
-4
3
39
-40
768
-709
400
4034
5148
-1660
-4750
1577
-2363
-1355
71264
-67831
-1074
704
942
-965
-1601
-1887
-103
694
-276
-295
29
-59
13
-23
