-9662
-768
-113
-1
-24
-29
2338
-2041
-41
-204
-10
-23
43
447
3914
-645
-3154
2922
-613
-1022
3337
-3242
-63
-181
-546
130
98129
-97390
-759
-666
433
-187
-670
418
-496
-72
45
-23
-14
-111
338
-217
-8
1
3
-2
922
6511
2095
10538
-12778
-1521
-14
-753
-4345
157
-383
-30
-25
-125
611
-447
-32
-3
-149
84133
-83561
-631
-230
13
-14
7
-106
327
-229
17
-9
-2
7760
-7838
565
5114
-1513
1126
-214
-1772
2125
-1088
10067
-13571
175
14
-226
555
-468
-113
33
12
-45
-376
253
-529
-50
1035
-1024
-105
13418
-11473
-1426
-396
320
1656
-1832
9062
-3997
-480
-43
1604
-3938
-2420
382
-325
-10
-12
4
-39
86627
-83779
-2309
-273
-231
3
-79
343
-249
-19
48
-39
-2
-113
423
-309
9
-5
-114
2054
-1615
-114
10955
-5443
2175
-5303
-2634
369
-104
-237
48
-43
11
-127
427
-299
-8
0
-120
3030
-2534
-346
2499
-614
-1678
-240
-104
382
-263
-18
2
-12
51
-111
464
5404
-1913
69
-1462
48175
-44075
-4424
-1154
-24
-92
-21
-99
884
-994
872
-661
-176
-80
-210
359
-109
-230
-328
-42
-104
2626
-2553
-38
-1
16
-3
-30
1233
15462
-7020
-4520
-129
-1583
4901
-4874
-3385
-48
23
-39
-46
25081
-21950
-2596
-240
-251
34
-42
236
-220
4
-5
-2
-5
-101
412
-95
-197
-10
-119
2192
-1727
-147
4954
-1343
1519
-887
-3478
2618
-2565
894
4036
-4056
-561
-393
-290
-457
83
-28
-216
5397
-2934
-2025
-234
-235
1818
-1796
-76
315
-253
-15
12
1
-3
1702
-1101
4850
1888
-289
-526
101
-2038
751
-2408
-2896
-13
-17
-36
414
-179
-194
-21
43
-37
-105
356
-243
-14
10
-6
-73
1765
-1448
-52
-180
-8
-5
-19
10553
-7166
3959
-1921
-36
-2927
-2138
93
-376
-19
9
-10
-81
3579
-518
-2532
-193
-220
-39
-104
544
-534
206
-88
-24
12
-79
286
-208
-14
6
-77
5890
-5455
-156
5263
-1658
173
2128
-1386
1099
-2106
-2570
346
-568
92
-439
1554
-1013
-250
-104
-143
5890
-4355
-1609
-478
-67
38
-33
-92
504
-210
-209
18
-15
45
-108
3339
-1259
6682
-1726
-1398
2026
24
-4970
-1951
-263
12
2
-125
531
-416
-10
655
-625
-45
-102
-17
-268
-15
-9
-3
-94
4743
-3922
-533
55
-244
-17
8
11601
-9035
1176
-3001
4837
-2170
-2202
3264
-3533
142
-70
-386
3000
-3019
-473
58
362
-490
10
-16
42
-87
-12
7
25
-25
-109
192
-78
-6
-8
-111
2655
-2216
215
3916
427
-1909
-2233
232
-102
-162
-276
-6
-17
30
-129
-32
-277
-13
18
342
5622
-5190
4456
-5223
-19
-4
1
-95
384
-280
12
-14
-4
5
-75
1994
2150
991
-4340
7763
-5082
-3047
-342
-8
2
-2
3
-108
314
-228
21
-17
13
-3
-102
394
-280
-14
9
-109
15030
-12921
-1797
-176
-27
-15
9
377
220
-437
3485
-3179
3172
-18
-1868
5675
-6187
-258
-362
154
-510
2379
-2443
201
-218
23
-81
114
10
-226
-17
-8
33
-31
-102
205
-84
-17
11
-15
-85
4680
-1078
1904
2449
2175
-3729
-357
11215
-16182
-538
-6
0
-12
-27
56
-385
-25
444
-484
-68
38634
-37692
-888
195
-191
-12
-46
355
-292
1
-17
3
-2
-70
794
12440
-8750
1407
-3060
3844
-2404
925
-835
-3292
113
-384
55
-53
-547
-106
20
-30
3
-78
271
-238
-18
-8
37
-133
775
1418
-1815
-18
-246
-17
2876
-2418
214
3752
-362
1599
1219
-3920
-2032
-808
-59
-29
-24
-59
183
4109
-3589
-412
-223
-21
-52
384
-308
-16
10
-9
5
-103
417
-318
14
-16
-9
-96
1406
16804
-12790
-641
-1173
-995
-1355
-509
-400
-213
-31
-3
8
-88
311
-219
9
-10
1
-90
1824
-1505
-33
-202
0
1
-57
284
-230
4
-2
4
0
-80
365
196
3653
8318
-7889
-345
533
292
-1433
-2728
-127
-119
136
391
-426
33
-3
8
-90
-97
-142
-380
456
-97
728
-825
341
2328
-2522
247
-297
-7
-77
1875
-1916
13020
-4771
-4586
-738
1201
97
-2681
-1390
-370
-86
-55
318
4112
-2914
-1232
-159
-63
-53
401
-341
-8
3
-4
5
-78
288
-183
-20
0
-26
-73
1609
-1304
2515
631
-611
2231
-3143
-515
2805
-2394
-150
-555
-753
-204
366
854
-838
217
-510
-26
1972
-1818
-81
-208
445
-414
-101
334
-262
3
-10
10
-4
-87
302
1676
3729
142
-151
-1130
1061
437
-431
-2083
-2755
-290
38
-106
-354
21
-29
9
24
-104
233
-148
-8
-2
-4
-99
127
2109
-1928
-197
-15
10
-74
197
111
4543
542
823
2138
-6134
-1750
-361
-18
-13
-12
-88
79
3074
-252
-2361
-403
-25
-80
411
-342
-19
21
-16
11
-113
213
-105
0
-2
16
-118
196
-38
4464
-338
1684
-3204
2483
-371
904
-2757
-2303
1107
-885
-2
-141
-349
-132
-146
147
-264
982
-986
14180
-13529
-378
1
-276
410
-327
-30
3
1
8
306
118
1655
4271
1612
-513
-1194
-1604
1084
5441
-9819
-681
-263
-73
585
-480
-28
8
19
-39
-125
-192
-98
8
-10
12
-119
221
-217
56954
-55388
-1226
-231
-66
409
-134
4478
-779
-123
10660
-9967
4898
-6938
-2257
-42
82
-71
423
-357
-150
4701
-3710
9593
-10182
224
-493
-164
-32
1778
-1772
124
537
-669
-7
2
-4
-79
356
28881
-24907
-154
726
-4037
7434
-7230
-767
-171
-35
-2
5
-110
355
-239
438
-412
-29
346
-45
-411
3031
-2495
-411
-33
-44
338
-291
-1
13
-16
5
-101
346
459
4673
-1956
-22
-2310
-782
-391
3474
-3365
156
-177
-85
402
-313
-12
-3
5
1729
