-10049
6513
-4036
3167
-1084
525
-1896
-1518
4923
-5177
-1071
-262
2509
-1423
-336
-852
-310
-161
3029
1036
2083
-3493
-2223
-87
-319
433
-112
-389
3675
-2476
-1222
462
-135
-210
2633
-2339
5225
734
-3712
962
-3524
324
-306
-13
-125
593
-241
-377
1903
-1719
-177
406
1659
3737
-947
2315
-3740
-2511
5239
-4377
-1042
-50
-144
-421
2100
-1752
-330
-152
2875
1460
5330
-4647
1348
-698
-5327
231
-196
4
3454
-512
-2976
177
-347
2852
-2698
2566
3229
495
-3309
2956
96
-2236
-663
-3013
-110
723
1763
-1873
1156
-1909
40
331
2431
2863
-2337
839
-4065
-21
3171
-2977
-60
1398
-1343
-297
-122
367
-275
-125
2779
-542
5940
-5516
1875
-4053
-256
343
-439
-71
3078
192
-3191
368
-352
-37
-125
810
5230
1178
-1767
-840
-1228
-2048
-189
-584
-224
434
-262
665
2486
-3435
-170
503
2630
9431
-6812
-2467
2551
-2022
-912
-2475
-399
1707
-1385
-56
-323
543
-203
1941
683
-2389
7469
-3182
2227
3207
-3382
-4815
-1146
219
4016
-853
-3386
-391
-157
-302
-114
443
6774
-2404
-4161
4422
-4604
167
-286
-213
-112
381
503
-190
-364
3023
-3249
2302
-108
3254
-2469
1943
-4704
-221
538
2446
-2729
56
-300
-17
-100
406
-311
-122
5015
-2522
4285
-1714
1739
-6049
3069
-2720
-240
-391
388
3545
-3727
1091
971
382
-2711
79
5178
2875
-2377
717
-1918
-1852
-2462
-414
-114
540
-520
-102
2805
-2678
-108
401
2165
1363
-3416
5882
-2285
-272
1692
-4818
-327
62
-169
-160
1206
-938
-313
-120
3585
703
2762
-4591
3909
-3055
-3140
279
-338
351
-46
2609
-2934
365
-334
-4
-125
2991
1837
958
-2399
2096
-4791
-3
-267
-244
-179
380
-237
-159
2785
-2619
160
97
2327
1318
-3488
3824
3335
-1510
-742
-311
-4420
463
-616
-65
-296
705
-815
-125
541
3177
5482
-4853
2302
-2526
-3446
30
-92
-546
341
2427
-2495
120
-336
-6
-124
400
4132
420
561
795
86
-5286
-417
-84
146
746
-895
-523
456
3682
-3860
255
2040
2030
-1740
1613
-4308
-137
314
3049
301
-3246
-386
-15
-120
445
-267
-179
456
2046
3806
-954
-2250
-2860
2098
-1814
-389
-132
974
2326
-2947
152
-366
10
-172
403
4786
-275
-1138
2326
-146
-4793
-475
45
407
-293
-232
-575
498
2409
-2898
479
2284
3917
-1921
-1627
901
-3991
548
5381
-2907
-2517
-455
-1
-141
410
-7
6076
-5195
1285
3150
-4976
-343
8059
-1243
-598
-5207
-897
625
4038
-4253
105
-878
10
-165
2584
941
6411
-3059
-920
-1246
-3623
-724
89
1779
-1563
-415
-208
528
3062
514
-3452
0
11323
-4927
-3934
-273
3650
-1098
603
-4067
-1273
-433
-40
-142
318
43
-424
404
2675
1944
189
734
-690
-1029
-2825
-965
-214
5172
1138
-2944
359
-982
-2485
-415
2670
719
3286
-2910
2178
-1659
749
686
-910
-4432
176
-406
-221
2498
2945
-1279
-3341
2150
4594
-1502
110
1931
624
-5175
215
-2502
184
-774
-272
481
-286
4247
-369
-1064
840
3255
-2372
3052
-3807
-4008
4150
-3993
-454
2569
894
-863
-438
-1811
2678
1491
205
-2085
3822
-3384
6458
-3172
-3787
-2046
-317
-243
500
-381
-184
502
-339
3608
-1388
1119
1227
1010
1278
-1561
-2377
-1948
-206
-514
2988
-3090
-134
-150
515
-150
-391
419
2028
3969
-1551
1799
-3859
-1670
-368
-573
-190
431
-15
-393
2017
-1614
-287
-132
473
45
3467
-60
3364
-3433
-977
-2258
250
-691
384
-129
-440
459
-300
803
-561
2028
2685
-622
1352
-2972
-2563
136
-292
3578
-1365
-1797
-137
-410
463
-307
-180
496
2108
2715
-1319
-2251
-1331
-371
747
-615
-178
514
-110
-401
2048
-1835
192
-399
427
-148
4121
-13
3728
-2088
-2375
-929
-2395
73
224
-397
-227
462
-319
-153
2895
-468
1562
4392
-2906
-2599
1144
-3425
-409
-165
3473
304
-3575
-192
508
-411
373
-25
38
5546
-2641
-2714
6893
-812
-546
-4574
-780
-104
-379
-212
4522
-3914
-347
-453
502
2252
2315
149
-1813
-3073
2452
-2582
190
-358
2475
-2035
-446
390
-278
398
2890
-347
-642
5277
-4672
1646
-4484
336
-384
-145
394
3024
-2939
-448
415
-284
-179
468
-97
4486
-259
3468
-2671
-2988
-854
-1133
-212
1019
-983
-204
4233
-997
-3060
-156
453
2546
3458
-3580
40
816
-3137
2412
-2877
102
146
-224
-204
506
-83
-423
520
3025
-1319
2228
-684
1908
-1253
-3433
-627
-287
473
2566
-2588
-516
505
-367
137
242
1879
1385
-782
3086
-5516
160
62
-357
-434
441
-264
-201
446
2727
-2656
-185
237
2036
3803
-2969
-1101
-2263
450
4069
-3901
-376
199
-127
-370
391
-251
-148
473
3843
-4067
3391
1295
1238
-2436
-2691
-207
4352
-4509
2653
-2780
-503
841
-725
-172
423
3010
1634
692
-274
-79
-1221
-3539
-256
4517
-4290
-190
-383
328
2467
-2382
-390
412
2037
2719
-1587
2705
-496
-3769
3103
-2209
-2290
-50
-337
-183
311
-302
-97
390
-266
3463
1115
992
-2711
-2908
259
-223
-125
411
-282
2698
-2399
34
-313
-165
630
-491
4550
25093
-26713
2873
-5667
372
-441
-217
575
-406
-162
434
3554
-1524
-2130
97
390
2771
1596
-17
-1667
-2629
887
3406
-4525
75
-409
-293
2471
-1984
-511
443
-293
3234
3270
-3903
2900
-1476
-2018
-1931
-199
834
-677
3240
-3286
402
-397
5717
-5025
-653
3924
608
663
-86
15
1
-1693
-3245
592
-264
-514
412
3024
-762
-2813
440
1984
3381
-452
-1467
-3578
162
-334
3318
-3404
424
-103
-383
420
-41
2332
-2168
-374
921
5056
-3412
2865
-5162
197
-453
3417
-3081
-382
7
-181
453
-27
-382
408
2317
1086
1675
-1241
-3770
3558
-3391
-411
-182
487
2895
-675
-2152
161
2108
-1627
-717
1871
3868
14709
-12977
-1194
-3922
-2354
503
-794
2553
-2611
47
481
