79
-10492
-130
518
-489
-93
291
-177
-51
-96
299
-190
2424
-1935
291
-619
37
-97
53
-216
235
-126
-126
372
-145
-272
212
-90
-4
-122
230
-115
-111
222
-94
-118
201
-68
-29
-81
176
-90
-107
161
-29
-132
170
-44
-27
-117
166
-30
-134
177
-47
-86
2787
8216
-7219
-744
565
318
-1066
1036
-999
-2107
110
-360
0
-148
550
-395
-180
868
-458
-379
520
-147
-234
-158
528
-368
-162
-114
-124
-174
162
-21
-9
-137
218
-77
-115
143
-18
-140
676
-529
-15
424
-371
-54
1640
394
-1789
-178
149
-208
-7
226
-9
-198
384
67
-54
-139
190
-60
-5
-79
-246
-96
-105
401
1276
-1633
195
-134
-1
-103
194
-93
-75
168
-93
-114
202
-92
14
-112
167
246
-158
-19
-124
-117
192
-81
-10
-100
163
-53
-111
169
-65
-110
170
612
16
-45
-114
-82
-141
176
-49
-132
410
-467
-200
-127
146
-68
-97
124
-25
-105
450
-334
-16
-97
144
-31
112
-13
-78
-143
124
-15
3
-107
131
-12
-113
119
-3
-116
614
-498
-3
-119
197
-81
-113
682
-357
-296
113
-41
635
-695
117
-44
-103
107
1
-15
53
-47
0
-107
160
-51
-112
422
-311
-110
155
-39
1
-114
157
-50
-117
408
-285
-117
162
-58
8
-116
136
-25
-121
164
-44
-114
171
-55
-1
-97
359
-248
-113
170
-76
-95
133
-35
-8
-98
182
-75
-102
156
-51
-122
171
-54
-1
-115
148
-13
-128
180
-74
-103
168
-57
-8
-105
161
-42
-117
135
686
-517
-138
-55
9
-113
158
-55
-104
147
-33
-115
121
-13
-5
-103
141
-37
-108
157
-48
-100
142
-38
415
-294
-80
-42
560
-294
-249
-115
306
-13
-176
-119
338
-21
-313
287
1286
-1313
86
-257
6
-99
139
-42
-111
118
12
-112
151
-49
-19
-86
109
-15
-107
125
-9
-101
115
-16
-10
-95
122
-11
-118
174
-60
-114
122
-17
0
-63
119
-56
-109
123
0
-116
15
240
-154
-91
198
-103
-118
224
-101
-127
222
-108
8
-125
626
-284
-336
210
-95
-115
156
-16
-11
-116
342
-217
-141
155
-10
-154
152
5
-24
-125
177
-46
-121
145
-33
-101
124
-24
11
-126
167
-56
427
-388
-16
-126
115
683
-658
-145
403
-72
-330
279
-129
-156
316
438
-275
-477
188
5492
-5674
140
-30
-114
145
-22
16
-135
1216
32365
-32470
128
-89
-125
-12
-350
-105
-129
442
-124
-285
1249
-1120
-204
494
-117
88
-403
531
-364
-169
830
-401
-468
439
262
66
785
-580
855
-91
-556
45
337
-572
-77
-241
394
163
-194
-469
846
-236
-686
694
-453
307
-347
564
404
385
-510
109
1880
-775
2519
-1373
-25
-814
102
1988
-1847
-1850
617
2954
-1387
-1298
794
-2889
-451
-110
486
-253
-314
614
1422
-1668
-340
359
460
-826
818
1263
-1843
565
-476
-210
-94
306
-35
-312
317
8
-329
674
-346
-232
262
78
-106
-318
384
-290
-104
402
-288
-11
-100
139
-41
-103
485
-374
-118
460
-322
-29
-97
286
22
-312
303
26
-317
370
-58
-221
1081
-593
-471
-101
123
-40
-106
158
-40
0
-121
138
-35
-105
157
-45
-109
165
-42
-12
-106
332
-221
-114
266
-149
-105
135
-35
-2
-109
154
-43
-118
163
-46
-116
161
-42
-7
-101
115
-20
-56
1932
-1399
-150
422
-309
4
-132
354
422
-763
165
-19
1592
-1472
-356
-221
-114
150
-46
-101
174
-79
-99
135
-26
-2
-120
512
-169
-319
192
-88
-109
131
-33
2
-104
155
-54
-105
166
-51
-117
368
-20
-12
-322
158
-47
-127
164
-49
-100
150
-46
-6
-112
143
-26
-108
135
-22
-111
164
-61
7
-110
128
-18
-118
139
-22
-115
138
-22
-9
-104
133
-18
-126
317
-187
-116
153
-63
-1
-90
154
-41
-114
159
-55
-119
151
0
-27
-104
140
315
179
-252
-279
-113
290
-173
-14
-101
331
4
-324
293
1597
-1620
216
-376
-17
-107
945
-813
-124
153
-44
-92
125
-31
327
-440
161
-59
-106
132
-15
-119
433
-314
-11
-113
157
-50
-98
136
-24
-108
153
-52
7
-112
139
-38
-111
157
-35
-109
161
-58
1
-106
134
-12
-126
329
-207
-125
148
-26
-9
-119
161
-39
-109
158
-60
-108
148
-37
1
-107
151
-46
-99
148
-44
-110
158
-50
12
-118
144
-41
-108
156
-44
-105
6503
-5791
-125
-72
-185
-220
-104
297
14
-297
296
20
-227
-97
297
-186
-117
317
-209
-98
299
-206
3
-99
686
-366
-305
106
444
212
-591
-85
-13
-106
149
-36
231
-193
-44
-109
162
-44
-16
-99
410
-281
-138
145
923
-503
-416
-24
2
-121
152
-41
-101
130
-24
-121
148
-36
-1
-108
148
-35
-108
166
-59
-108
131
-20
-10
-106
155
-47
-103
159
-49
-115
131
-13
-9
-102
321
-209
-117
156
-48
-97
153
-59
1
-111
135
-12
-112
177
-67
-113
152
-40
-1
-112
176
-61
-110
129
-14
-117
158
-58
1
-104
124
-13
-104
133
2179
-2039
194
-125
-236
-102
349
-20
-336
317
-210
403
-335
-67
716
-132
-524
-60
-108
157
-50
-115
172
271
-337
-102
170
-50
-112
161
-58
-119
426
-303
-11
-91
138
-43
-112
158
-42
-112
150
-22
-22
-104
175
-56
-124
152
-34
-115
167
-56
-4
-101
208
-64
-147
166
-59
-104
141
-35
9
-109
145
-62
-104
183
-59
-108
167
369
1782
