-11099
-165
-306
-151
1050
698
3709
-1968
2202
-404
-2934
-220
-693
6969
-5890
-1555
-252
346
-593
-307
740
-394
5669
-1949
-745
28
-1732
344
12
-1988
-157
330
-217
-129
393
-264
1633
87
898
1525
-2078
2164
-4167
-164
493
-399
-118
1156
962
-1981
-115
397
1548
-1710
1743
-1811
5469
-344
1004
-2741
-2702
204
-52
343
-465
-200
-708
1488
32485
-32582
-38
50465
-45542
824
-522
6819
-13116
1376
1323
-2772
952
-584
-441
-117
321
-207
-135
2246
-1395
3748
2072
-3401
64
-1791
70
-223
-329
524
44
-1499
528
-358
-183
-115
920
-391
6933
-2200
353
-4823
-347
116
-178
-383
369
231
-574
1684
271
-1632
-128
172
4112
-422
2131
-5206
-977
1616
1406
-2881
368
-164
-46
-319
423
-307
-119
907
2559
618
3173
-546
-3073
-1025
-605
-212
-553
92
1897
-3047
1579
-1278
-353
-128
954
2422
10773
-10740
-252
714
-3524
267
-317
-276
391
-123
-288
861
41
-791
-113
726
5313
134
-336
-1881
-2521
996
964
313
-2296
-321
-705
1380
-1252
-391
-123
790
1365
3293
-1597
-42
1817
-1875
-3294
-302
-158
2080
-1573
-364
-109
306
-215
-144
511
173
6648
-2995
-2769
-1188
-311
450
-168
-315
342
-247
-120
5264
-3069
-2027
-165
492
3251
235
-574
3426
-4631
4618
-5360
-534
2017
-1350
-738
-446
491
190
-686
997
-1130
8720
3324
-5716
-1751
-4237
-120
-316
-179
3775
-2747
-746
-270
501
-150
-311
351
1784
2763
-486
1771
-2008
-2193
-147
-525
214
-493
-440
-631
1944
1439
-3010
-330
2016
11378
-4937
-1100
-4300
1746
50
-1914
475
-2900
4256
2568
-4139
-2623
-297
-318
4264
-3913
5724
-777
-1949
-2062
-1034
300
-412
-130
1873
-408
-1361
-108
337
-39
-280
261
-125
4697
760
2471
-1398
-4992
575
-830
-226
289
-414
-1087
1033
1952
-2596
-162
342
8245
1116
-2213
553
-4683
473
-3454
-255
530
-484
-294
-107
562
-440
-120
5044
-4706
4480
-282
476
926
-4702
250
-162
-742
7155
-7096
-544
686
-428
-251
-115
356
3720
2853
1376
-654
-4188
-2746
-230
-334
-116
416
-146
-302
912
-727
-66
-117
383
71
7552
-1363
-5798
2598
672
6368
-8121
-1472
-105
37
-408
-18
-239
-166
4371
-3784
5361
3377
-5002
-364
-2225
-114
-239
-360
1072
9669
-11204
-457
369
-134
-340
447
1519
6589
-1943
-769
1658
-6833
-98
-407
22
3429
559
267
4441
-4178
-864
-1729
1504
-1884
2347
-772
1509
-1089
-125
2128
-1632
-1161
2625
-3919
2479
2716
-2560
-2189
1078
-1001
977
420
1816
3232
-4784
-196
1071
-501
-660
2667
-4729
2093
543
-2623
-462
234
1991
5633
-887
2999
-8004
-210
-854
-547
-451
305
-160
-331
6226
-3307
-2556
219
461
1582
6363
-2089
738
1535
-2417
615
7213
-10146
-1691
2352
-1485
67513
-69737
2581
-1106
-465
1918
2397
3788
27612
-33130
-2040
1372
-950
21902
-21301
-1267
-2915
177
-584
-97
430
-286
6851
2054
-1290
-1572
-531
-2660
-456
-552
-832
-43
-702
954
3680
-3886
-1066
575
2154
1697
3397
-4170
-3341
5926
-5783
-208
-352
327
-191
-136
498
-392
-115
2813
-617
1576
1139
-285
-1566
-2702
308
-475
26
872
-853
2951
-2885
210
-391
-97
336
-208
4926
-1095
4919
-5272
-1739
-104
208
-819
179
-311
-635
1018
2714
-3245
-808
453
814
11766
-5853
-632
-2971
-410
-1692
-1193
-109
140
-27
-359
829
-583
-264
2046
-1599
3973
1360
-1806
-1967
1281
-1582
-170
-167
182
-923
11
-627
642
-536
-106
466
-249
4771
9614
-9507
-3093
-1607
78
-130
-312
326
-248
-104
593
-384
2788
-2905
577
-294
3299
-563
1230
-3948
1680
-1789
917
-1164
371
-54
-342
520
-424
-113
3069
-1133
2789
1396
-1829
4529
-3810
-3273
-111
-525
798
-653
228
-1073
274
-565
-112
370
-153
5497
9534
-6515
-2691
-1488
-3395
-596
-172
558
-431
-123
1414
-1586
-37
-146
2066
-1697
3561
-631
1574
-1074
250
-1176
14958
-15888
-726
-522
-732
552
-436
-121
1357
-618
939
8881
-6413
-1479
2897
-4195
-1228
-121
733
15
-414
1869
-1718
-387
-126
1119
-963
6092
12290
-1536
-13233
134
-2836
-236
-421
65
2094
-2272
1193
-1194
-165
1896
-1402
1288
1787
436
124
493
-142
-2280
89
3387
-1655
-2075
-1590
1168
-1103
-138
469
-723
2844
5723
-839
-2452
-1761
-2460
-381
-358
2842
-2977
9
462
-474
-209
-109
242
-112
4580
-549
1846
-1271
322
-3170
-550
-58
-300
-181
-763
3088
-2666
-133
166
76
2300
2865
2561
-4598
-3449
2555
-2126
860
1267
-1259
-1185
-144
103
-11
-304
1106
-944
-15
7608
-536
-2757
-4178
209
-395
-109
1358
-1138
-117
2944
-2512
-422
-103
2227
-233
2467
724
2325
689
-3290
1176
-5187
-197
955
-933
-170
1049
-1193
-293
1910
-1536
-358
6363
1501
-42
-2521
-3817
-1344
-182
4138
-2780
-1071
-393
383
-268
1618
-130
-1377
-68
7267
-2836
-1285
27
-989
-651
-518
1159
-1671
206
-863
3507
-3279
85
281
-336
741
4547
2647
-4317
-3003
1428
-1909
-278
259
-234
-128
1517
-1328
-102
-97
3070
-2895
3691
-1473
2216
-4402
1780
-1574
-294
-122
6541
-6305
-228
372
-251
-129
1670
-1302
1692
2552
2287
-501
-2584
5601
-7291
-516
1545
-2295
-193
-664
1721
-1132
-595
448
1494
831
4104
1930
-2170
-2668
-3391
1886
-1904
-82
-358
26
3373
-3276
-135
-72
2924
-2232
5279
-1240
844
-1702
-1166
3618
-1086
-1924
-1947
-649
-722
315
-209
-148
1857
-1127
424
4188
5209
8523
-12709
-795
-4698
-168
1130
-1505
-200
-135
490
311
-380
18
9463
-9774
4912
-1242
-2479
-1284
457
2586
-2993
343
-269
-160
3188
-2745
-292
-141
351
102
5363
1186
-3586
1021
2491
-5617
-651
-123
325
607
-1429
717
-600
-130
1542
-1324
1897
5515
1856
-5748
621
-3672
-523
-184
1095
7362
