-12563
2381
-1843
-800
-30
-160
-116
857
4183
1220
349
-2222
458
-2802
361
-731
-274
157
28468
-29246
-853
477
-413
-29
1884
4453
1274
3809
-11403
2358
-2401
377
-262
-142
332
951
-1024
551
-785
3204
-2714
7634
-1279
-1495
-4774
-499
-119
866
-602
2302
-2320
138
-290
-97
399
-311
-104
885
3702
1411
-835
-940
-2324
-805
-249
420
-841
1392
-1541
44113
-43183
-788
-115
-198
2610
6954
-6378
1357
-570
-3664
3728
-3551
235
1595
-1977
-326
-128
930
-669
1968
-212
3203
-2586
605
5501
-4457
739
-2915
180
3599
-3485
-40
-1230
-656
103
-440
-105
2955
2297
2068
-2485
-4220
2184
-2522
296
-465
346
460
-704
4096
-3729
-67
-417
1725
383
3061
1249
-5003
-1278
61922
-58735
-3074
-62
-292
394
1634
-1791
593
-790
2554
-715
1781
1659
-250
601
-3584
-1240
6071
-5196
2232
-2611
802
-1786
4764
-3009
-1362
-334
2434
6856
-4052
-4476
3985
-3911
-1207
1020
-781
-292
878
-761
2194
-2235
397
-355
1707
-1312
3667
1310
-1647
-219
27869
-27188
-2086
-939
-262
37
-728
301
254
-730
-144
2470
3210
358
-669
-3686
-1356
-103
604
-679
-89
3154
-2703
1509
-1951
390
-342
-117
10001
-5962
1771
1784
-1679
-3785
-1047
240
-429
-347
531
-404
-38
5372
-2771
-2284
17
640
3132
-13
858
8918
-9213
-1634
-2318
-219
-295
596
-150
-525
202
99
3731
-866
5364
-330
-3545
-411
-3760
639
-526
685
209
973
-1950
-304
-262
533
-354
683
2745
3486
-257
-502
1881
-291
-4293
-2389
-75
-619
1121
-844
4749
-992
-549
-347
-1077
1524
4482
-838
-3602
922
-2085
468
-1376
1946
-1188
675
-771
-2665
336
3313
-3498
2046
9055
-6109
862
-5094
-1583
-99
832
-512
-325
2006
-1523
-378
-138
633
-312
-317
1906
1942
1522
1515
-2817
5017
-6799
-109
102
-581
-427
-847
78017
-72763
-737
-1214
339
-49
1504
-1592
-47
939
-4284
2632
-2094
-8
83
-493
-266
1557
-128
-1361
-450
3543
-788
1260
-2193
3615
-1453
768
-2481
475
-1218
1430
-1659
10378
-11359
79
-289
-113
2324
3483
2521
4609
-9352
-3220
-348
420
-337
37
701
-690
-149
2133
-1744
-283
-81
411
3539
2232
-2975
-3041
-159
3200
-2540
-553
-136
310
-203
-106
395
-173
2010
-1577
3376
1316
335
-1681
-1408
-1034
217
-749
2498
-2633
-317
1656
-1510
-352
-47
-326
2877
3498
296
4160
-5341
-4109
-907
35
-351
-118
726
-627
492
4636
-4170
-457
-221
650
3017
117
-1149
1104
-2430
3722
-3799
-103
-618
-181
-395
-281
991
-886
-181
2585
-1039
5535
-5379
284
-1819
66
787
-863
425
2700
-2821
-139
-324
498
-164
-318
2710
1364
435
-77
-3975
-204
-224
266
-197
-92
839
-691
675
6925
-7028
-612
-122
1500
5262
-2123
1851
1574
-6561
121611
-119263
-2364
2294
-1746
-1189
-734
1016
-812
-308
2561
-197
5766
1696
-3562
-2477
-2967
201
-673
-320
2967
-1180
-1412
-164
85
-215
-110
827
4060
-653
1421
-3982
2915
-720
-2312
-182
-620
537
-556
402
3931
-2967
-1740
-378
5469
-449
-2704
347
-1627
-581
2496
-2565
-259
-119
412
-301
1602
-885
-685
-144
3202
-2266
6337
-2101
-3122
-1165
-127
8838
-9479
-42
3388
-3014
-344
-89
1898
-1547
-323
829
4490
-1884
1696
-443
-2591
-1129
598
-715
47
151
-503
-162
4533
-4013
-788
-149
3019
3944
1906
-6747
1943
-3752
3945
-3294
20
3628
-3543
-747
-325
836
-701
-119
40232
-37334
1788
1655
9437
-10050
-467
-1211
-2563
-283
-632
1619
7310
-8929
160
-483
-249
860
5762
885
2150
-4557
-4492
-115
134
-518
-101
610
-497
-44
-74
2112
-1916
-151
131
6176
-3252
538
-3456
170
-248
2773
-2765
72
168
-263
-114
889
-739
-158
3494
-1528
1902
1305
-1701
-534
-2415
1897
-1761
-249
153057
-152507
1257
-1383
2367
-9
-2487
1868
2038
2187
-5924
5426
-2131
-4096
421
-163
33
631
-428
-525
2034
-1077
-665
-323
397
6050
-1440
926
3426
-6126
2222
-1822
-2611
-67
-344
-468
331
368
-475
-258
-100
3252
3582
-1103
-3473
-1900
-327
880
-759
-113
1666
-72
-1298
-329
427
-134
1820
-792
-481
5201
-1498
-2356
-2066
3401
-3118
-419
2901
-2093
-644
-64
-109
192
-88
-112
193
4946
1608
122
1673
-5227
-2048
165
243
-877
364
-692
4339
-1830
-2606
-237
-118
12836
-3529
-802
-4729
-904
-427
-1402
-898
94
-232
285
-184
-96
325
-142
3052
6857
-7362
2153
-448
-1836
1893
-2755
-654
-569
2123
-821
-1550
-171
67
532
-604
-116
406
5540
783
-832
-3337
-1993
-77
-26
-342
-40
259
-121
2981
-2430
-429
-227
-106
371
5428
87
-3853
-1677
1968
-1507
-683
-33
-108
233
-130
647
-566
-171
3235
-2370
-672
4189
735
1660
-3403
-2038
83
-782
2036
339
-2526
-399
579
-280
-201
-169
2295
5653
1870
-3657
509
-2958
-3306
136
366
-367
-47
-278
2370
-1546
-857
-105
-106
3018
3288
-273
-1291
1980
1012
-4083
-2246
315
1026
-2006
217
-554
49
1765
-2141
845
823
3181
288
-1725
-3125
-235
270
13141
-12713
121
-796
-45
-63
321
-252
-103
2031
88586
-84466
-2810
1794
-4525
-44
-79
-179
-290
197
-194
2503
-1518
-820
-72
-104
332
3648
271
1508
1100
27
-3301
-594
-1935
-513
-11
-243
-262
236
-263
2718
-1730
6
12563
1447
-9616
1373
-4006
-2133
-526
4160
-1097
-2964
79
-264
416
-145
-298
357
1834
4051
-601
-2401
32
-2187
455
-409
-399
72
18
-259
12449
-12832
-79
1648
282
2977
1028
-2609
-3059
1712
-1087
-843
-55
1283
-930
-340
-102
407
-195
1938
-1240
-613
7973
-388
-5637
-1942
-95
510
-712
6998
-4005
-2829
-65
-113
376
-269
-103
324
2444
2056
-591
-276
-1787
-1041
406
-652
438
-653
-528
-124
3516
-3188
-58
-262
403
5229
2691
-6123
11566
-11627
-1271
-712
